Accuracy: 0.5631825273010921
Precision: 0.6536918676247172
Recall: 0.5631825273010921
F1-Score: 0.5713579990643418
