Accuracy: 0.5759750390015601
Precision: 0.6143012781093004
Recall: 0.5759750390015601
F1-Score: 0.586290754668548
