Accuracy: 0.28710385942893
Precision: 0.4813788988700616
Recall: 0.28710385942893
F1-Score: 0.2151399313616442
