Accuracy: 0.0530279259491685
Precision: 0.3560519728419901
Recall: 0.0530279259491685
F1-Score: 0.031583247298174875
